3008.483276	1574
3022.052917	1562
3035.623474	1573
3049.195557	1587
3062.768555	1599
3076.342468	1619
3089.917603	1619
3103.493652	1618
3117.070923	1626
3130.648804	1622
3144.227600	1613
3157.807007	1592
3171.387329	1579
3184.968567	1579
3198.550110	1582
3212.132568	1585
3225.715332	1589
3239.299011	1594
3252.882690	1610
3266.467285	1590
3280.051880	1606
3293.637085	1624
3307.222290	1640
3320.808105	1646
3334.393921	1651
3347.980042	1653
3361.566162	1649
3375.152283	1649
3388.738403	1649
3402.324524	1646
3415.910645	1653
3429.496765	1653
3443.082581	1655
3456.668091	1644
3470.253601	1657
3483.838501	1667
3497.423401	1678
3511.007690	1674
3524.591675	1675
3538.175049	1685
3551.757813	1696
3565.340271	1713
3578.921814	1723
3592.502747	1745
3606.083069	1783
3619.662781	1832
3633.241272	1859
3646.819153	1892
3660.396118	1913
3673.972168	1952
3687.547302	1991
3701.121216	2043
3714.694214	2071
3728.265991	2151
3741.836853	2227
3755.406189	2342
3768.974304	2409
3782.541199	2522
3796.106567	2627
3809.670715	2736
3823.233337	2956
3836.794434	4046
3850.354004	5689
3863.912048	7205
3877.468262	7930
3891.022949	8526
3904.576111	9998
3918.127136	10251
3931.676636	9949
3945.223999	9838
3958.769836	10473
3972.313232	10813
3985.855103	10059
3999.394531	8762
4012.932129	9351
4026.467590	9776
4040.000610	9675
4053.531494	9250
4067.060242	8793
4080.586548	8131
4094.110718	8513
4107.632141	9070
4121.151428	8517
4134.667969	6968
4148.182068	8041
4161.693420	9403
4175.202332	9035
4188.708191	6797
4202.211609	6112
4215.712280	7703
4229.209900	9224
4242.705078	8683
4256.196899	6015
4269.685974	4737
4283.171997	5644
4296.654968	7697
4310.134583	8793
4323.611450	7576
4337.084961	5406
4350.555115	6057
4364.021912	7106
4377.485657	7439
4390.945740	6160
4404.402771	4800
4417.856140	4479
4431.305847	6489
4444.752197	7942
4458.194885	6189
4471.633606	3987
4485.068970	4169
4498.500671	4388
4511.928406	5423
4525.352173	6169
4538.772278	5159
4552.188416	4146
4565.600586	4414
4579.008484	4926
4592.412720	5598
4605.812378	5960
4619.208374	5163
4632.599792	4414
4645.986938	4719
4659.370117	4960
4672.748718	4680
4686.123047	4348
4699.492798	3453
4712.857971	2975
4726.218872	3488
4739.575195	3997
4752.926636	4357
4766.273499	4449
4779.615784	3702
4792.953186	3125
4806.286011	3184
4819.613647	3342
4832.936707	3691
4846.254578	4020
4859.567566	3983
4872.875366	3909
4886.178284	3741
4899.476013	3634
4912.768555	3542
4926.055908	3467
4939.338074	3343
4952.614746	3274
4965.886230	3419
4979.152222	3639
4992.412720	3738
5005.667725	3763
5018.917236	3527
5032.161255	3331
5045.399475	3303
5058.632202	3317
5071.859131	3572
5085.080261	4201
5098.295593	4652
5111.505127	4911
5124.708862	4770
5137.905884	4398
5151.098022	3854
5164.283447	3355
5177.462769	3036
5190.635986	2858
5203.803101	2822
5216.964111	2853
5230.118408	2876
5243.267212	3046
5256.408691	3295
5269.544678	3653
5282.673340	4042
5295.795898	4307
5308.911743	4389
5322.021484	4453
5335.123901	4448
5348.220215	4444
5361.309814	4425
5374.392090	4423
5387.467651	4367
5400.536499	4213
5413.598633	4004
5426.653442	3871
5439.701538	3700
5452.742310	3527
5465.776367	3286
5478.803101	3055
5491.822510	2935
5504.834595	2794
5517.839355	2691
5530.836792	2547
5543.826904	2440
5556.809692	2366
5569.785156	2365
5582.753296	2378
5595.713501	2363
5608.665771	2462
5621.610718	2796
5634.548340	3900
5647.477417	4810
5660.399170	5552
5673.312988	5695
5686.218872	6115
5699.117432	6306
5712.007446	6477
5724.889526	6414
5737.763062	6509
5750.629272	6568
5763.486938	6539
5776.336670	6453
5789.177856	6393
5802.010498	6337
5814.835205	6219
5827.651367	6025
5840.459595	5804
5853.258667	5742
5866.049194	5551
5878.831787	5333
5891.605225	5122
5904.370117	4989
5917.126465	4758
5929.873657	4530
5942.612305	4231
5955.342407	4117
5968.063354	3895
5980.775146	3702
5993.477783	3390
6006.171875	3178
6018.856812	2967
6031.532593	2863
6044.199219	2836
6056.856079	2816
6069.504395	2772
6082.142944	2734
6094.772339	2725
6107.392578	2665
6120.003052	2803
6132.604370	2938
6145.195923	2966
6157.777710	2976
6170.349731	3001
6182.912598	3047
6195.465698	3231
6208.008423	3376
6220.541992	3383
6233.065186	3365
6245.578613	3362
6258.082275	3369
6270.576172	3397
6283.059692	3424
6295.532837	3335
6307.996216	3246
6320.449219	2922
6332.892456	2692
6345.325317	2584
6357.747192	2521
6370.159302	2401
6382.561035	2307
6394.951782	2119
6407.332153	2019
6419.702148	1921
6432.061768	1893
6444.410400	1768
6456.748657	1743
6469.075928	1707
6481.392822	1674
6493.698120	1615
6505.993042	1585
6518.276978	1551
6530.549927	1546
6542.811890	1540
6555.062866	1528
6567.302856	1530
6579.531250	1531
6591.748657	1521
6603.955078	1512
6616.149902	1497
6628.333740	1498
6640.505981	1484
6652.666626	1488
6664.816284	1492
6676.953735	1488
6689.080200	1491
6701.195068	1485
6713.297729	1487
6725.388794	1478
6737.468872	1480
6749.536133	1474
6761.592407	1478
6773.636475	1474
6785.668335	1479
6797.688599	1476
6809.696655	1481
6821.692505	1481
6833.676758	1485
6845.648193	1482
6857.608032	1481
6869.555054	1479
6881.489868	1483
6893.413086	1477
6905.322876	1473
6917.221069	1472
6929.106445	1471
6940.979004	1471
6952.839355	1471
6964.686890	1472
6976.521606	1472
6988.344116	1472
7000.153809	1473
7011.950073	1473
7023.734131	1471
7035.505371	1470
7047.263184	1470
7059.008179	1470
7070.740356	1470
7082.459106	1471
7094.165039	1475
7105.857544	1471
7117.536621	1479
7129.202881	1471
7140.855713	1472
7152.495117	1471
7164.121094	1471
7175.733643	1470
7187.332764	1470
7198.918457	1470
7210.490723	1470
7222.048950	1471
7233.593750	1472
7245.124512	1473
7256.641846	1477
7268.145142	1478
7279.634399	1475
7291.110229	1474
7302.572021	1470
7314.019775	1470
7325.452881	1470
7336.872559	1471
7348.278198	1471
7359.669189	1473
7371.046143	1471
7382.409058	1471
7393.757324	1473
7405.091553	1476
7416.411133	1481
7427.716064	1480
7439.006958	1488
7450.282593	1487
7461.544189	1504
7472.791138	1510
7484.023438	1526
7495.240479	1532
7506.443481	1504
7517.631226	1504
7528.804321	1481
7539.962158	1475
7551.105347	1476
7562.233276	1487
7573.346558	1502
7584.443970	1504
7595.526733	1525
